1.8451085623853198
1.7801330174268613
1.6956901903179458
1.7359464280872892
1.7320231657110332
1.7359464280872892
1.7254585493341668
1.7254585493341668
1.7248621507573656
1.97176069029973
2.0866960834130897
2.1996178590150617
1.720220143418545
2.1996178590150617
1.6918752876335394
1.6350078563840245
1.6050134972285834
1.6890415066784696
1.6890415066784696
1.663071932077991
1.702376461893011
1.702376461893011
1.6673903631351958
1.7252153364154166
1.7440764733089902
1.7440764733089902
1.6963004231040961
1.7399885259027685
1.7467304624794613
1.8158773226794807
1.8872495645683192
1.688830218990472
1.8872495645683192
