-10.0
0.0
130.0
-23.31518272378659
7.61693717539052
107.68430466364505
-23.31518272378659
-7.61693717539052
107.68430466364505
-12.100298451854039
-0.00358964611555326
86.19639346140461
-26.197034151765763
9.100393166616833
63.00589179999633
-26.193279977973706
-9.097438943850678
63.00222151855275
-7.839137934037241
-0.0013519316185893922
42.49540539883081
-28.26369128766196
11.536411788922123
18.509241611893835
-27.977687639301013
-11.89698233387357
18.728359926522057
-5.424494287280325
0.06035047826762104
0.0
-29.01333239123073
12.09567110594372
0.0
-28.662627214336034
-12.42699664341108
0.0
