-3.13855
8.97235
73.2526
-3.139767385371952
8.990211067732377
36.624176527768874
-3.138333675561123
8.96917616076719
0.0
-3.759552304699057
18.083486441869127
18.309283070902048
-3.761268853840292
18.10867107212995
0.0
-4.3853337287145155
27.264740511054967
0.0
-2.5158270896833583
-0.164030587383305
18.31399439170139
-2.5158458844550724
-0.16375483682942082
0.0
-1.892983675128999
-9.302179172314053
0.0
-3.7543517164780384
18.00718516488331
54.87174336423702
-4.389788398828482
27.33009792906251
36.65312306413315
-5.002486469022878
36.31939744207529
18.26798806494157
-5.006149971317095
36.37314711257594
0.0
-5.632985073327292
45.569860390050074
0.0
-2.5147679679117
-0.17956966493118287
54.93084659484508
-1.8928644334214908
-9.303928646443937
36.61502593155941
-1.2710627125874452
-18.426793852320223
18.296956401351668
-1.270050602505951
-18.44164319020014
0.0
-0.6475162424349059
-27.5752574319503
0.0
