1.558444056434055
1.5067685893181746
1.7041894122462984
1.730764948967449
1.7070259601004927
1.7048153620237405
1.7090159539807213
1.7290752277147727
1.7045242092844715
1.7095615700366638
1.7233334116604657
1.4930236222089683
1.741552974973059
1.5122003484689863
1.7408527686651076
1.7335046604077633
1.7356769384151036
1.7068095282853397
1.7060633096719613
1.6457134240945899
1.6294346982349432
1.7509013230549764
1.7712501220010906
1.7518197102165107
1.7498981457773521
1.7510553173608439
1.771769420232907
1.7496567701490466
1.7528509123358746
1.7591738672587898
1.6242611283119304
1.7685040282866569
1.6242610425339126
1.777649064373616
1.774919288563512
1.7515539373265077
1.772267153590217
